test <- c("ENSG00000228314",
"ENSG00000215559",
"ENSG00000203616",
"ENSG00000185272",
"ENSG00000243064",
"ENSG00000155304",
"ENSG00000155307",
"ENSG00000235609",
"ENSG00000180530",
"ENSG00000155313",
"ENSG00000154640")